GLSL(x) = 41247.982296 * x + -427113131.955390
MKL(x) = 29780.939582 * x + -641821395.662886
OpenCL(x) = 296388.119064 * x + -3073068733.767347
Cuda(x) = 333642.591712 * x + -3694211508.241837
OpenMP(x) = 15025.616203 * x + -155616140.757045
CuSPARSE(x) = 183442.783801 * x + -6645389947.555266
CPU(x) = 3620.620957 * x + -38065003.009557
# xmax = 72644.171876, ymax = 236199608.491718
