GLSL(x) = 68937.344678 * x + -216221418.627978
MKL(x) = 36339.348226 * x + -203834104.837876
OpenCL(x) = 237377.124134 * x + -752619393.525818
Cuda(x) = 319897.791717 * x + -1253417550.934608
OpenMP(x) = 14828.944815 * x + -46339273.757021
CuSPARSE(x) = 235620.391641 * x + -2344125599.027385
CPU(x) = 3663.066276 * x + -11627413.953139
# xmax = 20032.238282, ymax = 64839602.667293
