GLSL(x) = 28130.873734 * x + -38240123.330833
MKL(x) = 37267.716626 * x + -110393831.086872
OpenCL(x) = 111525.138109 * x + -153403881.757485
Cuda(x) = 219027.398597 * x + -466698627.444125
OpenMP(x) = 13615.938768 * x + -18230884.574327
CuSPARSE(x) = 221983.763850 * x + -1417221944.682034
CPU(x) = 3391.658308 * x + -4646646.089325
# xmax = 12850.484376, ymax = 40884696.309573
