GLSL(x) = 28207.004178 * x + -107838859.896313
MKL(x) = 22944.792462 * x + -249578479.055841
OpenCL(x) = 262239.008705 * x + -1002260735.912361
Cuda(x) = 275975.548207 * x + -1260843273.216893
OpenMP(x) = 13801.148713 * x + -52466261.075768
CuSPARSE(x) = 155749.900553 * x + -3112109601.480293
CPU(x) = 3400.746653 * x + -13273714.664374
# xmax = 40744.773438, ymax = 131553384.101735
