GLSL(x) = 36284.146470 * x + -24548429.791475
MKL(x) = 28285.630883 * x + -39812125.882443
OpenCL(x) = 158079.786137 * x + -110997132.384860
Cuda(x) = 188980.839812 * x + -276762825.853999
OpenMP(x) = 14938.670389 * x + -9820604.871928
CuSPARSE(x) = 133405.575172 * x + -400257496.019587
CPU(x) = 3679.854936 * x + -2459766.182131
# xmax = 6017.662110, ymax = 20668575.306004
