GLSL(x) = 27425.934794 * x + -118889862.747858
MKL(x) = 24250.507558 * x + -297501831.352135
OpenCL(x) = 220301.656256 * x + -962460572.551877
Cuda(x) = 283443.900074 * x + -1438994020.189316
OpenMP(x) = 13685.990576 * x + -59065267.671884
CuSPARSE(x) = 151632.257318 * x + -3397480707.017056
CPU(x) = 3386.391196 * x + -15006138.858450
# xmax = 44990.765624, ymax = 144217703.418910
